0
-1
-1
-3
0
6
19
34
49
58
61
58
49
36
19
-1
-20
-37
-50
-59
-62
-59
-50
-37
-20
-1
19
36
49
58
61
58
49
36
19
0
-20
-37
-50
-59
-62
-59
-50
-37
-20
-1
19
36
49
58
61
58
49
36
19
-1
-20
-37
-50
-59
-62
-59
-50
-37
-20
0
19
36
49
58
61
58
49
36
19
0
-20
-37
-50
-59
-62
-59
-50
-37
-20
0
19
36
49
58
61
58
49
36
19
-1
-20
-37
-50
-59
-62
-59
-50
-37
-20
-1
19
36
49
58
61
58
49
36
19
0
-20
-37
-50
-59
-62
-59
-50
-37
-20
0
19
36
49
58
61
58
49
36
19
-1
-20
-37
-50
-59
-62
-59
-50
-37
-20
-1
19
36
49
58
61
58
49
36
19
0
-20
-37
-50
-59
-62
-59
-50
-37
-20
0
19
36
49
58
61
58
49
36
19
-1
-20
-37
-50
-59
-62
-59
-50
-37
-20
0
19
36
49
58
61
58
49
36
19
-1
-20
-37
-50
-59
-62
