0
-1
-1
-3
0
6
19
34
49
58
61
58
49
36
18
0
-20
-37
-51
-60
-62
-60
-51
-38
-20
-2
18
35
49
58
61
58
49
36
18
0
-20
-37
-51
-60
-62
-60
-51
-38
-20
-2
18
35
49
58
61
58
49
36
18
0
-20
-37
-51
-60
-62
-60
-51
-38
-20
-2
18
35
49
58
61
58
49
36
18
0
-20
-37
-51
-60
-62
-60
-51
-38
-20
-2
18
35
49
58
61
58
49
36
18
0
-20
-36
-51
-59
-62
-60
-51
-38
-20
-2
18
35
49
57
60
58
49
36
18
0
-20
-37
-51
-60
-63
-60
-51
-38
-20
-2
18
34
49
58
61
58
49
36
18
0
-20
-36
-51
-59
-62
-60
-51
-38
-20
-2
18
35
49
58
61
58
49
36
18
0
-20
-37
-51
-60
-63
-60
-51
-38
-20
-2
18
34
49
58
61
58
49
36
18
0
-20
-37
-51
-59
-62
-60
-51
-38
-20
-2
18
35
49
57
60
58
49
36
18
0
-20
-37
-51
-59
-62
